function obs_array = Circular_Obstacle_25x25()
obs_array =     [
                [8,12]
                [8,13]
                [8,14]
                [8,15]
                [8,16]
                [9,17]
                [10,18]
                [11,19]
                [12,20]
                [13,20]
                [14,20]
                [15,20]
                [16,20]
                [17,19]
                [18,18]
                [19,17]
                [20,16]
                [20,15]
                [20,14]
                [20,13]
                [20,12]
                [19,11]
                [18,10]
                [17,9]
                [16,8]
                [15,8]
                [14,8]
                [13,8]
                [12,8]
                [11,9]
                [10,10]
                [9,11]
                [9,12]
                [9,13]
                [9,14]
                [9,15]
                [9,16]
                [10,17]
                [11,18]
                [12,19]
                [13,19]
                [14,19]
                [15,19]
                [16,19]
                [17,18]
                [18,17]
                [19,16]
                [19,15]
                [19,14]
                [19,13]
                [19,12]
                [18,11]
                [17,10]
                [16,9]
                [15,9]
                [14,9]
                [13,9]
                [12,9]
                [11,10]
                [10,11]
                ];
end

